39.59375 -105.59375
39.59375 -105.65625
39.59375 -105.71875
39.59375 -105.78125
39.65625 -105.34375
39.65625 -105.40625
39.65625 -105.46875
39.65625 -105.53125
39.65625 -105.59375
39.65625 -105.65625
39.65625 -105.71875
39.65625 -105.78125
39.65625 -105.84375
39.65625 -105.90625
39.71875 -105.21875
39.71875 -105.28125
39.71875 -105.34375
39.71875 -105.40625
39.71875 -105.46875
39.71875 -105.53125
39.71875 -105.59375
39.71875 -105.65625
39.71875 -105.71875
39.71875 -105.78125
39.71875 -105.84375
39.71875 -105.90625
39.78125 -105.21875
39.78125 -105.28125
39.78125 -105.34375
39.78125 -105.40625
39.78125 -105.46875
39.78125 -105.53125
39.78125 -105.59375
39.78125 -105.65625
39.78125 -105.71875
39.78125 -105.78125
39.78125 -105.84375
39.78125 -105.90625
39.84375 -105.34375
39.84375 -105.40625
39.84375 -105.46875
39.84375 -105.53125
39.84375 -105.59375
39.84375 -105.65625
39.84375 -105.71875
39.90625 -105.59375
