1 104516 39.59375 -105.59375 0.0913 0.01 3.546 0.3 2 12.676 12.676 12.676 1257.096 1257.096 1257.096 -99 -99 -99 18.394 220.731 91.971 3271.62 0.1 1.2 0.9442 0 4 14.66 14.66 14.66 0.693 0.693 0.693 1569.1 1569.1 1569.1 2619.1 2619.1 2619.1 -6 0.39 0.39 0.39 0.23 0.23 0.23 0.03 0.03 -99 0 0 0 0
1 104515 39.59375 -105.65625 0.0913 0.01 3.546 0.3 2 12.676 12.676 12.676 1257.096 1257.096 1257.096 -99 -99 -99 18.394 220.731 91.971 3380.83 0.1 1.2 0.9442 0 4 14.66 14.66 14.66 0.693 0.693 0.693 1569.1 1569.1 1569.1 2619.1 2619.1 2619.1 -6 0.39 0.39 0.39 0.23 0.23 0.23 0.03 0.03 -99 0 0 0 0
1 104514 39.59375 -105.71875 0.0913 0.01 3.546 0.3 2 12.676 12.676 12.676 1257.096 1257.096 1257.096 -99 -99 -99 18.394 220.731 91.971 3458.83 0.1 1.2 0.9442 0 4 14.66 14.66 14.66 0.693 0.693 0.693 1569.1 1569.1 1569.1 2619.1 2619.1 2619.1 -6 0.39 0.39 0.39 0.23 0.23 0.23 0.03 0.03 -99 0 0 0 0
1 104513 39.59375 -105.78125 0.0913 0.01 3.546 0.3 2 12.676 12.676 12.676 1257.096 1257.096 1257.096 -99 -99 -99 18.394 220.731 91.971 3505.62 0.1 1.2 0.9442 0 4 14.66 14.66 14.66 0.693 0.693 0.693 1569.1 1569.1 1569.1 2619.1 2619.1 2619.1 -6 0.39 0.39 0.39 0.23 0.23 0.23 0.03 0.03 -99 0 0 0 0
1 103726 39.65625 -105.34375 0.0913 0.01 3.546 0.3 2 12.676 12.676 12.676 1257.096 1257.096 1257.096 -99 -99 -99 18.394 220.731 91.971 2412.38 0.1 1.2 0.9442 4 4 14.66 14.66 14.66 0.693 0.693 0.693 1569.1 1569.1 1569.1 2619.1 2619.1 2619.1 -6 0.39 0.39 0.39 0.23 0.23 0.23 0.03 0.03 -99 0 0 0 0
1 103725 39.65625 -105.40625 0.0913 0.01 3.546 0.3 2 12.676 12.676 12.676 1257.096 1257.096 1257.096 -99 -99 -99 18.394 220.731 91.971 2593.05 0.1 1.2 0.9442 3 4 14.66 14.66 14.66 0.693 0.693 0.693 1569.1 1569.1 1569.1 2619.1 2619.1 2619.1 -6 0.39 0.39 0.39 0.23 0.23 0.23 0.03 0.03 -99 0 0 0 0
1 103724 39.65625 -105.46875 0.0913 0.01 3.546 0.3 2 12.676 12.676 12.676 1257.096 1257.096 1257.096 -99 -99 -99 18.394 220.731 91.971 2774.06 0.1 1.2 0.9442 2 4 14.66 14.66 14.66 0.693 0.693 0.693 1569.1 1569.1 1569.1 2619.1 2619.1 2619.1 -6 0.39 0.39 0.39 0.23 0.23 0.23 0.03 0.03 -99 0 0 0 0
1 103723 39.65625 -105.53125 0.0913 0.01 3.546 0.3 2 12.676 12.676 12.676 1257.096 1257.096 1257.096 -99 -99 -99 18.394 220.731 91.971 2955.39 0.1 1.2 0.9442 1 4 14.66 14.66 14.66 0.693 0.693 0.693 1569.1 1569.1 1569.1 2619.1 2619.1 2619.1 -6 0.39 0.39 0.39 0.23 0.23 0.23 0.03 0.03 -99 0 0 0 0
1 103722 39.65625 -105.59375 0.0913 0.01 3.546 0.3 2 12.676 12.676 12.676 1257.096 1257.096 1257.096 -99 -99 -99 18.394 220.731 91.971 3115.19 0.1 1.2 0.9442 1 4 14.66 14.66 14.66 0.693 0.693 0.693 1569.1 1569.1 1569.1 2619.1 2619.1 2619.1 -6 0.39 0.39 0.39 0.23 0.23 0.23 0.03 0.03 -99 0 0 0 0
1 103721 39.65625 -105.65625 0.0913 0.01 3.546 0.3 2 12.676 12.676 12.676 1257.096 1257.096 1257.096 -99 -99 -99 18.394 220.731 91.971 3253.45 0.1 1.2 0.9442 0 4 14.66 14.66 14.66 0.693 0.693 0.693 1569.1 1569.1 1569.1 2619.1 2619.1 2619.1 -6 0.39 0.39 0.39 0.23 0.23 0.23 0.03 0.03 -99 0 0 0 0
1 103720 39.65625 -105.71875 0.0913 0.01 3.546 0.3 2 12.676 12.676 12.676 1257.096 1257.096 1257.096 -99 -99 -99 18.394 220.731 91.971 3377.46 0.1 1.2 0.9442 0 4 14.66 14.66 14.66 0.693 0.693 0.693 1569.1 1569.1 1569.1 2619.1 2619.1 2619.1 -6 0.39 0.39 0.39 0.23 0.23 0.23 0.03 0.03 -99 0 0 0 0
1 103719 39.65625 -105.78125 0.0883 0.01 5.8473 0.3 2 12.676 12.676 12.676 1257.096 1257.096 1257.096 -99 -99 -99 18.394 220.731 91.971 3487.22 0.1 1.2 1.0816 0 4 14.66 14.66 14.66 0.693 0.693 0.693 1569.1 1569.1 1569.1 2619.1 2619.1 2619.1 -6 0.39 0.39 0.39 0.23 0.23 0.23 0.03 0.03 -99 0 0 0 0
1 103718 39.65625 -105.84375 0.0884 0.02 5.7593 0.33 2 12.676 12.676 12.676 1257.096 1257.096 1257.096 -99 -99 -99 18.209 209.831 95.874 3539.07 0.1 1.15 1.0763 -1 4 14.66 14.66 14.66 0.693 0.693 0.693 1569.1 1569.1 1569.1 2619.1 2619.1 2619.1 -6 0.39 0.39 0.39 0.23 0.23 0.23 0.03 0.03 -99 0 0 0 0
1 103717 39.65625 -105.90625 0.0885 0.03 5.663 0.38 2 12.676 12.676 12.676 1257.096 1257.096 1257.096 -99 -99 -99 17.84 188.03 103.681 3533.02 0.1 1.05 1.0706 -1 4 14.66 14.66 14.66 0.693 0.693 0.693 1569.1 1569.1 1569.1 2619.1 2619.1 2619.1 -6 0.39 0.39 0.39 0.23 0.23 0.23 0.03 0.03 -99 0 0 0 0
1 102934 39.71875 -105.21875 0.0913 0.01 3.546 0.3 2 17.451 17.451 17.451 633.036 633.036 633.036 -99 -99 -99 26.752 321.027 133.761 1998.05 0.1 1.2 0.9442 7 4 23.082 23.082 23.082 0.399 0.399 0.399 1466.5 1466.5 1466.5 2631.27 2631.27 2631.27 -6 0.51 0.51 0.51 0.4 0.4 0.4 0.03 0.03 -99 0 0 0 0
1 102933 39.71875 -105.28125 0.0913 0.01 3.546 0.3 2 14.268 14.268 14.268 1049.076 1049.076 1049.076 -99 -99 -99 21.18 254.163 105.901 2190.09 0.1 1.2 0.9442 6 4 17.468 17.468 17.468 0.595 0.595 0.595 1534.9 1534.9 1534.9 2623.16 2623.16 2623.16 -6 0.43 0.43 0.43 0.29 0.29 0.29 0.03 0.03 -99 0 0 0 0
1 102932 39.71875 -105.34375 0.0913 0.01 3.546 0.3 2 12.676 12.676 12.676 1257.096 1257.096 1257.096 -99 -99 -99 18.394 220.731 91.971 2375.45 0.1 1.2 0.9442 5 4 14.66 14.66 14.66 0.693 0.693 0.693 1569.1 1569.1 1569.1 2619.1 2619.1 2619.1 -6 0.39 0.39 0.39 0.23 0.23 0.23 0.03 0.03 -99 0 0 0 0
1 102931 39.71875 -105.40625 0.0913 0.01 3.546 0.3 2 12.676 12.676 12.676 1257.096 1257.096 1257.096 -99 -99 -99 18.394 220.731 91.971 2554.14 0.1 1.2 0.9442 3 4 14.66 14.66 14.66 0.693 0.693 0.693 1569.1 1569.1 1569.1 2619.1 2619.1 2619.1 -6 0.39 0.39 0.39 0.23 0.23 0.23 0.03 0.03 -99 0 0 0 0
1 102930 39.71875 -105.46875 0.0913 0.01 3.546 0.3 2 12.676 12.676 12.676 1257.096 1257.096 1257.096 -99 -99 -99 18.394 220.731 91.971 2716.36 0.1 1.2 0.9442 2 4 14.66 14.66 14.66 0.693 0.693 0.693 1569.1 1569.1 1569.1 2619.1 2619.1 2619.1 -6 0.39 0.39 0.39 0.23 0.23 0.23 0.03 0.03 -99 0 0 0 0
1 102929 39.71875 -105.53125 0.0913 0.01 3.546 0.3 2 12.676 12.676 12.676 1257.096 1257.096 1257.096 -99 -99 -99 18.394 220.731 91.971 2862.14 0.1 1.2 0.9442 2 4 14.66 14.66 14.66 0.693 0.693 0.693 1569.1 1569.1 1569.1 2619.1 2619.1 2619.1 -6 0.39 0.39 0.39 0.23 0.23 0.23 0.03 0.03 -99 0 0 0 0
1 102928 39.71875 -105.59375 0.0913 0.01 3.546 0.3 2 12.676 12.676 12.676 1257.096 1257.096 1257.096 -99 -99 -99 18.394 220.731 91.971 3015.32 0.1 1.2 0.9442 1 4 14.66 14.66 14.66 0.693 0.693 0.693 1569.1 1569.1 1569.1 2619.1 2619.1 2619.1 -6 0.39 0.39 0.39 0.23 0.23 0.23 0.03 0.03 -99 0 0 0 0
1 102927 39.71875 -105.65625 0.0913 0.01 3.546 0.3 2 12.676 12.676 12.676 1257.096 1257.096 1257.096 -99 -99 -99 18.394 220.731 91.971 3175.91 0.1 1.2 0.9442 0 4 14.66 14.66 14.66 0.693 0.693 0.693 1569.1 1569.1 1569.1 2619.1 2619.1 2619.1 -6 0.39 0.39 0.39 0.23 0.23 0.23 0.03 0.03 -99 0 0 0 0
1 102926 39.71875 -105.71875 0.0913 0.01 3.546 0.3 2 12.676 12.676 12.676 1257.096 1257.096 1257.096 -99 -99 -99 18.394 220.731 91.971 3319.5 0.1 1.2 0.9442 0 4 14.66 14.66 14.66 0.693 0.693 0.693 1569.1 1569.1 1569.1 2619.1 2619.1 2619.1 -6 0.39 0.39 0.39 0.23 0.23 0.23 0.03 0.03 -99 0 0 0 0
1 102925 39.71875 -105.78125 0.0882 0.01 5.891 0.3 2 12.676 12.676 12.676 1257.096 1257.096 1257.096 -99 -99 -99 18.394 220.731 91.971 3446.11 0.1 1.2 1.0842 0 4 14.66 14.66 14.66 0.693 0.693 0.693 1569.1 1569.1 1569.1 2619.1 2619.1 2619.1 -6 0.39 0.39 0.39 0.23 0.23 0.23 0.03 0.03 -99 0 0 0 0
1 102924 39.71875 -105.84375 0.0883 0.02 5.8069 0.33 2 12.676 12.676 12.676 1257.096 1257.096 1257.096 -99 -99 -99 18.209 209.831 95.874 3523.68 0.1 1.15 1.0792 -1 4 14.66 14.66 14.66 0.693 0.693 0.693 1569.1 1569.1 1569.1 2619.1 2619.1 2619.1 -6 0.39 0.39 0.39 0.23 0.23 0.23 0.03 0.03 -99 0 0 0 0
1 102923 39.71875 -105.90625 0.0885 0.03 5.7152 0.38 2 12.676 12.676 12.676 1257.096 1257.096 1257.096 -99 -99 -99 17.84 188.03 103.681 3552.19 0.1 1.05 1.0737 -2 4 14.66 14.66 14.66 0.693 0.693 0.693 1569.1 1569.1 1569.1 2619.1 2619.1 2619.1 -6 0.39 0.39 0.39 0.23 0.23 0.23 0.03 0.03 -99 0 0 0 0
1 102140 39.78125 -105.21875 0.0913 0.01 3.546 0.3 2 17.451 17.451 17.451 633.036 633.036 633.036 -99 -99 -99 26.752 321.027 133.761 1954.04 0.1 1.2 0.9442 7 4 23.082 23.082 23.082 0.399 0.399 0.399 1466.5 1466.5 1466.5 2631.27 2631.27 2631.27 -6 0.51 0.51 0.51 0.4 0.4 0.4 0.03 0.03 -99 0 0 0 0
1 102139 39.78125 -105.28125 0.0913 0.01 3.546 0.3 2 14.268 14.268 14.268 1049.076 1049.076 1049.076 -99 -99 -99 21.18 254.163 105.901 2209.4 0.1 1.2 0.9442 6 4 17.468 17.468 17.468 0.595 0.595 0.595 1534.9 1534.9 1534.9 2623.16 2623.16 2623.16 -6 0.43 0.43 0.43 0.29 0.29 0.29 0.03 0.03 -99 0 0 0 0
1 102138 39.78125 -105.34375 0.0913 0.01 3.546 0.3 2 12.676 12.676 12.676 1257.096 1257.096 1257.096 -99 -99 -99 18.394 220.731 91.971 2414.74 0.1 1.2 0.9442 4 4 14.66 14.66 14.66 0.693 0.693 0.693 1569.1 1569.1 1569.1 2619.1 2619.1 2619.1 -6 0.39 0.39 0.39 0.23 0.23 0.23 0.03 0.03 -99 0 0 0 0
1 102137 39.78125 -105.40625 0.0913 0.01 3.546 0.3 2 12.676 12.676 12.676 1257.096 1257.096 1257.096 -99 -99 -99 18.394 220.731 91.971 2570.07 0.1 1.2 0.9442 3 4 14.66 14.66 14.66 0.693 0.693 0.693 1569.1 1569.1 1569.1 2619.1 2619.1 2619.1 -6 0.39 0.39 0.39 0.23 0.23 0.23 0.03 0.03 -99 0 0 0 0
1 102136 39.78125 -105.46875 0.0913 0.01 3.546 0.3 2 12.676 12.676 12.676 1257.096 1257.096 1257.096 -99 -99 -99 18.394 220.731 91.971 2706.78 0.1 1.2 0.9442 2 4 14.66 14.66 14.66 0.693 0.693 0.693 1569.1 1569.1 1569.1 2619.1 2619.1 2619.1 -6 0.39 0.39 0.39 0.23 0.23 0.23 0.03 0.03 -99 0 0 0 0
1 102135 39.78125 -105.53125 0.0913 0.01 3.546 0.3 2 12.676 12.676 12.676 1257.096 1257.096 1257.096 -99 -99 -99 18.394 220.731 91.971 2824.88 0.1 1.2 0.9442 2 4 14.66 14.66 14.66 0.693 0.693 0.693 1569.1 1569.1 1569.1 2619.1 2619.1 2619.1 -6 0.39 0.39 0.39 0.23 0.23 0.23 0.03 0.03 -99 0 0 0 0
1 102134 39.78125 -105.59375 0.0913 0.01 3.546 0.3 2 12.676 12.676 12.676 1257.096 1257.096 1257.096 -99 -99 -99 18.394 220.731 91.971 2972.02 0.1 1.2 0.9442 1 4 14.66 14.66 14.66 0.693 0.693 0.693 1569.1 1569.1 1569.1 2619.1 2619.1 2619.1 -6 0.39 0.39 0.39 0.23 0.23 0.23 0.03 0.03 -99 0 0 0 0
1 102133 39.78125 -105.65625 0.0913 0.01 3.546 0.3 2 12.676 12.676 12.676 1257.096 1257.096 1257.096 -99 -99 -99 18.394 220.731 91.971 3148.19 0.1 1.2 0.9442 0 4 14.66 14.66 14.66 0.693 0.693 0.693 1569.1 1569.1 1569.1 2619.1 2619.1 2619.1 -6 0.39 0.39 0.39 0.23 0.23 0.23 0.03 0.03 -99 0 0 0 0
1 102132 39.78125 -105.71875 0.0913 0.01 3.546 0.3 2 12.676 12.676 12.676 1257.096 1257.096 1257.096 -99 -99 -99 18.394 220.731 91.971 3284.95 0.1 1.2 0.9442 0 4 14.66 14.66 14.66 0.693 0.693 0.693 1569.1 1569.1 1569.1 2619.1 2619.1 2619.1 -6 0.39 0.39 0.39 0.23 0.23 0.23 0.03 0.03 -99 0 0 0 0
1 102131 39.78125 -105.78125 0.0882 0.01 5.9438 0.3 2 12.676 12.676 12.676 1257.096 1257.096 1257.096 -99 -99 -99 18.394 220.731 91.971 3382.3 0.1 1.2 1.0873 0 4 14.66 14.66 14.66 0.693 0.693 0.693 1569.1 1569.1 1569.1 2619.1 2619.1 2619.1 -6 0.39 0.39 0.39 0.23 0.23 0.23 0.03 0.03 -99 0 0 0 0
1 102130 39.78125 -105.84375 0.0883 0.03 5.8649 0.38 2 12.676 12.676 12.676 1257.096 1257.096 1257.096 -99 -99 -99 17.84 188.03 103.681 3434.94 0.1 1.05 1.0826 -1 4 14.66 14.66 14.66 0.693 0.693 0.693 1569.1 1569.1 1569.1 2619.1 2619.1 2619.1 -6 0.39 0.39 0.39 0.23 0.23 0.23 0.03 0.03 -99 0 0 0 0
1 102129 39.78125 -105.90625 0.0884 0.1 5.7795 0.7 2 12.676 12.676 12.676 1257.096 1257.096 1257.096 -99 -99 -99 16.733 122.629 127.101 3442.87 0.1 0.4 1.0775 -1 4 14.66 14.66 14.66 0.693 0.693 0.693 1569.1 1569.1 1569.1 2619.1 2619.1 2619.1 -6 0.39 0.39 0.39 0.23 0.23 0.23 0.02 0.03 -99 0 0 0 0
1 101342 39.84375 -105.34375 0.0913 0.01 3.546 0.3 2 12.676 12.676 12.676 1257.096 1257.096 1257.096 -99 -99 -99 18.394 220.731 91.971 2402.05 0.1 1.2 0.9442 4 4 14.66 14.66 14.66 0.693 0.693 0.693 1569.1 1569.1 1569.1 2619.1 2619.1 2619.1 -6 0.39 0.39 0.39 0.23 0.23 0.23 0.03 0.03 -99 0 0 0 0
1 101341 39.84375 -105.40625 0.0913 0.01 3.546 0.3 2 12.676 12.676 12.676 1257.096 1257.096 1257.096 -99 -99 -99 18.394 220.731 91.971 2559.55 0.1 1.2 0.9442 3 4 14.66 14.66 14.66 0.693 0.693 0.693 1569.1 1569.1 1569.1 2619.1 2619.1 2619.1 -6 0.39 0.39 0.39 0.23 0.23 0.23 0.03 0.03 -99 0 0 0 0
1 101340 39.84375 -105.46875 0.0913 0.01 3.546 0.3 2 12.676 12.676 12.676 1257.096 1257.096 1257.096 -99 -99 -99 18.394 220.731 91.971 2695.61 0.1 1.2 0.9442 2 4 14.66 14.66 14.66 0.693 0.693 0.693 1569.1 1569.1 1569.1 2619.1 2619.1 2619.1 -6 0.39 0.39 0.39 0.23 0.23 0.23 0.03 0.03 -99 0 0 0 0
1 101339 39.84375 -105.53125 0.0913 0.01 3.546 0.3 2 12.676 12.676 12.676 1257.096 1257.096 1257.096 -99 -99 -99 18.394 220.731 91.971 2810.22 0.1 1.2 0.9442 2 4 14.66 14.66 14.66 0.693 0.693 0.693 1569.1 1569.1 1569.1 2619.1 2619.1 2619.1 -6 0.39 0.39 0.39 0.23 0.23 0.23 0.03 0.03 -99 0 0 0 0
1 101338 39.84375 -105.59375 0.0913 0.01 3.546 0.3 2 12.676 12.676 12.676 1257.096 1257.096 1257.096 -99 -99 -99 18.394 220.731 91.971 2963.39 0.1 1.2 0.9442 1 4 14.66 14.66 14.66 0.693 0.693 0.693 1569.1 1569.1 1569.1 2619.1 2619.1 2619.1 -6 0.39 0.39 0.39 0.23 0.23 0.23 0.03 0.03 -99 0 0 0 0
1 101337 39.84375 -105.65625 0.0913 0.01 3.546 0.3 2 12.676 12.676 12.676 1257.096 1257.096 1257.096 -99 -99 -99 18.394 220.731 91.971 3155.14 0.1 1.2 0.9442 0 4 14.66 14.66 14.66 0.693 0.693 0.693 1569.1 1569.1 1569.1 2619.1 2619.1 2619.1 -6 0.39 0.39 0.39 0.23 0.23 0.23 0.03 0.03 -99 0 0 0 0
1 101336 39.84375 -105.71875 0.088 0.02 6.072 0.33 2 12.676 12.676 12.676 1257.096 1257.096 1257.096 -99 -99 -99 18.209 209.831 95.874 3245.55 0.1 1.15 1.095 0 4 14.66 14.66 14.66 0.693 0.693 0.693 1569.1 1569.1 1569.1 2619.1 2619.1 2619.1 -6 0.39 0.39 0.39 0.23 0.23 0.23 0.03 0.03 -99 0 0 0 0
1 100541 39.90625 -105.59375 0.0913 0.01 3.546 0.3 2 12.676 12.676 12.676 1257.096 1257.096 1257.096 -99 -99 -99 18.394 220.731 91.971 2989.45 0.1 1.2 0.9442 0 4 14.66 14.66 14.66 0.693 0.693 0.693 1569.1 1569.1 1569.1 2619.1 2619.1 2619.1 -6 0.39 0.39 0.39 0.23 0.23 0.23 0.03 0.03 -99 0 0 0 0
